308.77981053503936 0.0018358261221233174 335008422.17005867 2255592.838567464 -3092513.9430604186 2319697.7270041015
308.2652443219851 0.0020354388626026383 316873364.20454246 2419200.980798733 4116881.1686042356 2406136.694338551
307.81119676999697 0.002192607536192403 315342307.94013315 2327417.738158102 1243527.12189202 2444537.4512435654
307.3534916563025 0.0023206949992376955 312269257.07419014 2470347.5593300937 -2847337.1210858086 2290814.37001522
306.8763156169263 0.002439191009268355 312188527.41110027 2347282.1292344574 -656444.2257114003 2463592.1378747053
306.3999239425368 0.002119408450114635 313559803.627298 2254070.3521049945 1365115.8189408341 2512945.9401109144
305.93278144637674 0.0019980268152037647 312792200.7788698 2468661.221407474 -2281799.535303301 2348808.8550836183
305.4636069618993 0.002652858194913721 312979772.9986314 2274175.9697001805 1205899.4740773502 2204585.7377103018
304.989162855551 0.002248101389937587 312082792.6936196 2367205.292405603 -1569796.8749388754 2343386.779113084
304.54538641509504 0.0029182836387594397 313957098.6529912 2266727.617474517 -4191491.3707499593 2275989.457995482
304.0774658476861 0.002387910461898685 316919933.9644022 2396287.505869469 -597053.9135126672 2246518.3392159143
303.6192081102504 0.0025283842054674957 316306016.2974314 2324333.5638810075 -1245905.8231605706 2243477.5286802817
303.1991608401046 0.0024245817646919706 317508351.0290692 2468490.3664436415 -1259265.4623015085 2282370.9235870517
302.7467236692224 0.001973770069077465 317087611.367884 2198577.7924177353 956067.4674681346 2381035.826393155
302.3080242365282 0.0024033910648580247 319282207.71579826 2294800.7259102087 -2218609.9173310385 2233775.003109419
301.86803686115076 0.0025499142187663843 320873234.49773103 2105913.182007073 2480142.7252685376 2222877.496507589
301.41776140756264 0.0025718916791564704 319666870.8253024 2273862.6988762375 1809055.4731995098 2264305.448398498
300.9765482823402 0.002236660665957524 320218140.6741592 2338498.3444577213 -1230684.7200196146 2181070.9228780274
300.51596394989616 0.0022275581454825923 314864780.072303 2246495.693829604 2347715.0748821185 2360244.1014848566
300.07613996409907 0.002003606070616488 315612713.9084301 2101766.8775746496 1637760.176380954 2253139.4965483462
299.6493702119234 0.0018621895503252012 315113953.7686533 2224532.1405439675 1748593.9523979581 2351456.2582208505
299.1802831609734 0.001818221596986851 315964271.6409654 2345113.11219615 -4238068.950741955 2309460.281530531
298.7707931482783 0.0017399959401999316 316098530.84260434 2349659.12245918 -2386075.733551611 2234425.894802878
298.3409216312597 0.002520089251646469 315834380.6118735 2199187.554945249 3808555.8111798563 2227565.5213218667
297.90613956665044 0.0024683872947495076 317907288.5119485 2186083.07195383 -1718860.395211046 2264200.5174384164
297.46061151577123 0.002232743063271794 317125890.13386416 2327836.2750551095 3711324.030852357 2200510.4783347254
297.0011351980393 0.002028120691313829 317780641.8567274 2352277.814182658 -1906095.984606129 2250342.2324829632
296.5859063129915 0.0024468099439883023 319631671.451367 2145084.438045861 941786.9028871644 2186172.090522109
296.16837298124614 0.002301760834322384 317145654.46777993 2188458.742660372 -799340.5159445951 2233493.37167776
295.7053723233015 0.0018201206589893628 317654982.3377258 2304765.95520343 914886.0865749194 2174864.821854559
295.2343206836513 0.002014534728661582 316108105.24837756 2436962.3105141344 562647.3620062454 2198283.745444097
294.77386407003445 0.0020507605203802927 316126412.9865753 2385417.404099309 -1834396.1417453294 2325025.2067761957
294.3136019645293 0.0023602012658761585 318006614.88949156 2453423.7665768713 -2528671.153002979 2220072.5539658214
293.8795064817712 0.0020751309408732982 314625489.06596726 2355059.545494973 334747.09220600966 2290408.8840180375
293.43106930785945 0.0024577490009065305 315235060.0957142 2369287.0393515634 883147.8126380559 2231553.2938889815
292.9377235077126 0.002653507569275212 315151126.05063635 2402679.5507337293 1675034.8223527258 2381312.9724026695
292.4811069170504 0.0021741961761412945 316361714.21253467 2097461.4024250843 -413918.37448539806 2299900.740929618
291.99889938999473 0.00207327901302414 315019804.0372073 2268163.072987647 3173230.839833456 2292086.0402211836
291.53669034549995 0.002454479352714213 316593415.0750864 2126519.9186942847 -2177101.8185500978 2355589.3769421373
291.07789971787355 0.0018988348687808527 333606761.27836925 2269560.482607572 -237035.84537997414 2455048.664650824
